{
 "cells": [
  {
   "cell_type": "markdown",
   "id": "bf535053",
   "metadata": {},
   "source": [
    "# Project Euler: Problem 4\n",
    "## Problem Statement\n",
    "A palindromic number reads the same both ways. The largest palindrome made from the product of two 2-digit numbers is 9009 = 91 × 99.\n",
    "\n",
    "Find the largest palindrome made from the product of two 3-digit numbers."
   ]
  },
  {
   "cell_type": "markdown",
   "id": "53dccff6",
   "metadata": {},
   "source": [
    "## Solution"
   ]
  },
  {
   "cell_type": "code",
   "execution_count": 1,
   "id": "db9ee5ef",
   "metadata": {},
   "outputs": [],
   "source": [
    "def isPalindrome(product):\n",
    "    sum = 0\n",
    "    ii = -1\n",
    "    for i in product:\n",
    "            sum = sum + abs(int(i) - int(product[ii]))\n",
    "            ii = ii - 1\n",
    "            if -1*ii > len(product)/2:\n",
    "                return sum"
   ]
  },
  {
   "cell_type": "code",
   "execution_count": 2,
   "id": "21ec01db",
   "metadata": {},
   "outputs": [
    {
     "name": "stdout",
     "output_type": "stream",
     "text": [
      "[101, 101, 10201]\n",
      "[101, 111, 11211]\n",
      "[101, 121, 12221]\n",
      "[101, 131, 13231]\n",
      "[101, 141, 14241]\n",
      "[101, 151, 15251]\n",
      "[101, 161, 16261]\n",
      "[101, 171, 17271]\n",
      "[101, 181, 18281]\n",
      "[101, 191, 19291]\n",
      "[101, 202, 20402]\n",
      "[101, 212, 21412]\n",
      "[101, 222, 22422]\n",
      "[101, 232, 23432]\n",
      "[101, 242, 24442]\n",
      "[101, 252, 25452]\n",
      "[101, 262, 26462]\n",
      "[101, 272, 27472]\n",
      "[101, 282, 28482]\n",
      "[101, 292, 29492]\n",
      "[101, 303, 30603]\n",
      "[101, 313, 31613]\n",
      "[101, 323, 32623]\n",
      "[101, 333, 33633]\n",
      "[101, 343, 34643]\n",
      "[101, 353, 35653]\n",
      "[101, 363, 36663]\n",
      "[101, 373, 37673]\n",
      "[101, 383, 38683]\n",
      "[101, 393, 39693]\n",
      "[101, 404, 40804]\n",
      "[101, 414, 41814]\n",
      "[101, 424, 42824]\n",
      "[101, 434, 43834]\n",
      "[101, 444, 44844]\n",
      "[101, 454, 45854]\n",
      "[101, 464, 46864]\n",
      "[101, 474, 47874]\n",
      "[101, 484, 48884]\n",
      "[101, 494, 49894]\n",
      "[102, 201, 20502]\n",
      "[102, 206, 21012]\n",
      "[102, 407, 41514]\n",
      "[102, 412, 42024]\n",
      "[102, 613, 62526]\n",
      "[102, 618, 63036]\n",
      "[102, 819, 83538]\n",
      "[102, 824, 84048]\n",
      "[103, 204, 21012]\n",
      "[103, 254, 26162]\n",
      "[103, 408, 42024]\n",
      "[103, 458, 47174]\n",
      "[103, 612, 63036]\n",
      "[103, 662, 68186]\n",
      "[103, 816, 84048]\n",
      "[103, 866, 89198]\n",
      "[104, 203, 21112]\n",
      "[104, 268, 27872]\n",
      "[104, 406, 42224]\n",
      "[104, 471, 48984]\n",
      "[104, 609, 63336]\n",
      "[104, 777, 80808]\n",
      "[104, 812, 84448]\n",
      "[104, 847, 88088]\n",
      "[105, 481, 50505]\n",
      "[105, 507, 53235]\n",
      "[105, 531, 55755]\n",
      "[105, 557, 58485]\n",
      "[106, 202, 21412]\n",
      "[106, 222, 23532]\n",
      "[106, 242, 25652]\n",
      "[106, 262, 27772]\n",
      "[106, 282, 29892]\n",
      "[106, 384, 40704]\n",
      "[106, 404, 42824]\n",
      "[106, 424, 44944]\n",
      "[107, 236, 25252]\n",
      "[107, 422, 45154]\n",
      "[107, 608, 65056]\n",
      "[107, 691, 73937]\n",
      "[107, 877, 93839]\n",
      "[108, 259, 27972]\n",
      "[108, 274, 29592]\n",
      "[108, 433, 46764]\n",
      "[108, 448, 48384]\n",
      "[108, 592, 63936]\n",
      "[108, 607, 65556]\n",
      "[108, 622, 67176]\n",
      "[108, 766, 82728]\n",
      "[108, 781, 84348]\n",
      "[109, 139, 15151]\n",
      "[109, 594, 64746]\n",
      "[109, 683, 74447]\n",
      "[109, 733, 79897]\n",
      "[109, 772, 84148]\n",
      "[109, 822, 89598]\n",
      "[109, 911, 99299]\n",
      "[111, 101, 11211]\n",
      "[111, 111, 12321]\n",
      "[111, 121, 13431]\n",
      "[111, 131, 14541]\n",
      "[111, 141, 15651]\n",
      "[111, 151, 16761]\n",
      "[111, 161, 17871]\n",
      "[111, 171, 18981]\n",
      "[111, 182, 20202]\n",
      "[111, 192, 21312]\n",
      "[111, 202, 22422]\n",
      "[111, 212, 23532]\n",
      "[111, 222, 24642]\n",
      "[111, 232, 25752]\n",
      "[111, 242, 26862]\n",
      "[111, 252, 27972]\n",
      "[111, 273, 30303]\n",
      "[111, 283, 31413]\n",
      "[111, 293, 32523]\n",
      "[111, 303, 33633]\n",
      "[111, 313, 34743]\n",
      "[111, 323, 35853]\n",
      "[111, 333, 36963]\n",
      "[111, 364, 40404]\n",
      "[111, 374, 41514]\n",
      "[111, 384, 42624]\n",
      "[111, 394, 43734]\n",
      "[111, 404, 44844]\n",
      "[111, 414, 45954]\n",
      "[111, 455, 50505]\n",
      "[111, 465, 51615]\n",
      "[111, 475, 52725]\n",
      "[111, 485, 53835]\n",
      "[111, 495, 54945]\n",
      "[111, 546, 60606]\n",
      "[111, 556, 61716]\n",
      "[111, 566, 62826]\n",
      "[111, 576, 63936]\n",
      "[111, 637, 70707]\n",
      "[111, 647, 71817]\n",
      "[111, 657, 72927]\n",
      "[111, 728, 80808]\n",
      "[111, 738, 81918]\n",
      "[111, 819, 90909]\n",
      "[112, 211, 23632]\n",
      "[112, 266, 29792]\n",
      "[112, 377, 42224]\n",
      "[112, 432, 48384]\n",
      "[112, 588, 65856]\n",
      "[112, 754, 84448]\n",
      "[113, 244, 27572]\n",
      "[113, 438, 49494]\n",
      "[113, 455, 51415]\n",
      "[113, 649, 73337]\n",
      "[113, 699, 78987]\n",
      "[113, 716, 80908]\n",
      "[113, 843, 95259]\n",
      "[114, 233, 26562]\n",
      "[114, 381, 43434]\n",
      "[114, 529, 60306]\n",
      "[114, 599, 68286]\n",
      "[114, 614, 69996]\n",
      "[114, 747, 85158]\n",
      "[114, 762, 86868]\n",
      "[115, 455, 52325]\n",
      "[115, 469, 53935]\n",
      "[115, 491, 56465]\n",
      "[116, 182, 21112]\n",
      "[116, 202, 23432]\n",
      "[116, 222, 25752]\n",
      "[116, 364, 42224]\n",
      "[116, 384, 44544]\n",
      "[116, 404, 46864]\n",
      "[116, 526, 61016]\n",
      "[116, 546, 63336]\n",
      "[116, 566, 65656]\n",
      "[116, 586, 67976]\n",
      "[116, 708, 82128]\n",
      "[116, 728, 84448]\n",
      "[116, 748, 86768]\n",
      "[117, 246, 28782]\n",
      "[117, 259, 30303]\n",
      "[117, 455, 53235]\n",
      "[117, 518, 60606]\n",
      "[117, 651, 76167]\n",
      "[117, 714, 83538]\n",
      "[117, 777, 90909]\n",
      "[117, 847, 99099]\n",
      "[118, 184, 21712]\n",
      "[118, 214, 25252]\n",
      "[118, 398, 46964]\n",
      "[118, 547, 64546]\n",
      "[118, 577, 68086]\n",
      "[118, 696, 82128]\n",
      "[118, 761, 89798]\n",
      "[119, 129, 15351]\n",
      "[119, 376, 44744]\n",
      "[119, 455, 54145]\n",
      "[119, 584, 69496]\n",
      "[119, 702, 83538]\n",
      "[119, 831, 98889]\n",
      "[121, 101, 12221]\n",
      "[121, 111, 13431]\n",
      "[121, 121, 14641]\n",
      "[121, 131, 15851]\n",
      "[121, 182, 22022]\n",
      "[121, 192, 23232]\n",
      "[121, 202, 24442]\n",
      "[121, 212, 25652]\n",
      "[121, 222, 26862]\n",
      "[121, 273, 33033]\n",
      "[121, 283, 34243]\n",
      "[121, 293, 35453]\n",
      "[121, 303, 36663]\n",
      "[121, 313, 37873]\n",
      "[121, 364, 44044]\n",
      "[121, 374, 45254]\n",
      "[121, 384, 46464]\n",
      "[121, 394, 47674]\n",
      "[121, 404, 48884]\n",
      "[121, 455, 55055]\n",
      "[121, 465, 56265]\n",
      "[121, 475, 57475]\n",
      "[121, 485, 58685]\n",
      "[121, 495, 59895]\n",
      "[121, 546, 66066]\n",
      "[121, 556, 67276]\n",
      "[121, 566, 68486]\n",
      "[121, 576, 69696]\n",
      "[121, 637, 77077]\n",
      "[121, 647, 78287]\n",
      "[121, 657, 79497]\n",
      "[121, 728, 88088]\n",
      "[121, 738, 89298]\n",
      "[121, 819, 99099]\n",
      "[121, 881, 106601]\n",
      "[121, 991, 119911]\n",
      "[122, 221, 26962]\n",
      "[122, 226, 27572]\n",
      "[122, 231, 28182]\n",
      "[122, 332, 40504]\n",
      "[122, 337, 41114]\n",
      "[122, 563, 68686]\n",
      "[122, 568, 69296]\n",
      "[122, 669, 81618]\n",
      "[122, 674, 82228]\n",
      "[123, 147, 18081]\n",
      "[123, 234, 28782]\n",
      "[123, 271, 33333]\n",
      "[123, 542, 66666]\n",
      "[123, 579, 71217]\n",
      "[123, 666, 81918]\n",
      "[123, 726, 89298]\n",
      "[123, 813, 99999]\n",
      "[123, 957, 117711]\n",
      "[124, 193, 23932]\n",
      "[124, 356, 44144]\n",
      "[124, 391, 48484]\n",
      "[124, 514, 63736]\n",
      "[124, 712, 88288]\n",
      "[125, 417, 52125]\n",
      "[125, 421, 52625]\n",
      "[125, 459, 57375]\n",
      "[125, 463, 57875]\n",
      "[126, 202, 25452]\n",
      "[126, 222, 27972]\n",
      "[126, 384, 48384]\n",
      "[126, 481, 60606]\n",
      "[126, 643, 81018]\n",
      "[126, 663, 83538]\n",
      "[127, 206, 26162]\n",
      "[127, 299, 37973]\n",
      "[127, 342, 43434]\n",
      "[127, 478, 60706]\n",
      "[127, 548, 69596]\n",
      "[127, 591, 75057]\n",
      "[127, 684, 86868]\n",
      "[127, 727, 92329]\n",
      "[128, 318, 40704]\n",
      "[128, 333, 42624]\n",
      "[128, 348, 44544]\n",
      "[128, 363, 46464]\n",
      "[128, 378, 48384]\n",
      "[129, 119, 15351]\n",
      "[129, 267, 34443]\n",
      "[129, 386, 49794]\n",
      "[129, 415, 53535]\n",
      "[129, 534, 68886]\n",
      "[129, 563, 72627]\n",
      "[129, 682, 87978]\n",
      "[129, 711, 91719]\n",
      "[131, 101, 13231]\n",
      "[131, 111, 14541]\n",
      "[131, 121, 15851]\n",
      "[131, 192, 25152]\n",
      "[131, 202, 26462]\n",
      "[131, 212, 27772]\n",
      "[131, 283, 37073]\n",
      "[131, 293, 38383]\n",
      "[131, 303, 39693]\n",
      "[132, 166, 21912]\n",
      "[132, 176, 23232]\n",
      "[132, 352, 46464]\n",
      "[132, 463, 61116]\n",
      "[132, 528, 69696]\n",
      "[132, 639, 84348]\n",
      "[133, 164, 21812]\n",
      "[133, 224, 29792]\n",
      "[133, 281, 37373]\n",
      "[133, 502, 66766]\n",
      "[133, 559, 74347]\n",
      "[134, 153, 20502]\n",
      "[134, 208, 27872]\n",
      "[134, 346, 46364]\n",
      "[134, 499, 66866]\n",
      "[134, 637, 85358]\n",
      "[135, 407, 54945]\n",
      "[135, 413, 55755]\n",
      "[135, 419, 56565]\n",
      "[135, 425, 57375]\n",
      "[135, 431, 58185]\n",
      "[136, 202, 27472]\n",
      "[136, 309, 42024]\n",
      "[136, 329, 44744]\n",
      "[136, 511, 69496]\n",
      "[136, 618, 84048]\n",
      "[136, 638, 86768]\n",
      "[137, 143, 19591]\n",
      "[137, 146, 20002]\n",
      "[137, 216, 29592]\n",
      "[137, 219, 30003]\n",
      "[137, 289, 39593]\n",
      "[137, 292, 40004]\n",
      "[137, 362, 49594]\n",
      "[137, 365, 50005]\n",
      "[137, 435, 59595]\n",
      "[137, 438, 60006]\n",
      "[137, 508, 69596]\n",
      "[137, 511, 70007]\n",
      "[137, 581, 79597]\n",
      "[137, 584, 80008]\n",
      "[137, 654, 89598]\n",
      "[137, 657, 90009]\n",
      "[137, 727, 99599]\n",
      "[137, 803, 110011]\n",
      "[138, 303, 41814]\n",
      "[138, 333, 45954]\n",
      "[138, 437, 60306]\n",
      "[138, 467, 64446]\n",
      "[138, 497, 68586]\n",
      "[138, 631, 87078]\n",
      "[139, 109, 15151]\n",
      "[139, 178, 24742]\n",
      "[139, 287, 39893]\n",
      "[139, 375, 52125]\n",
      "[139, 444, 61716]\n",
      "[139, 484, 67276]\n",
      "[139, 553, 76867]\n",
      "[139, 759, 105501]\n",
      "[141, 101, 14241]\n",
      "[141, 111, 15651]\n",
      "[141, 192, 27072]\n",
      "[141, 202, 28482]\n",
      "[141, 212, 29892]\n",
      "[142, 478, 67876]\n",
      "[142, 483, 68586]\n",
      "[142, 488, 69296]\n",
      "[142, 584, 82928]\n",
      "[142, 589, 83638]\n",
      "[142, 594, 84348]\n",
      "[142, 599, 85058]\n",
      "[143, 137, 19591]\n",
      "[143, 154, 22022]\n",
      "[143, 231, 33033]\n",
      "[143, 308, 44044]\n",
      "[143, 385, 55055]\n",
      "[143, 462, 66066]\n",
      "[143, 539, 77077]\n",
      "[143, 616, 88088]\n",
      "[143, 693, 99099]\n",
      "[143, 707, 101101]\n",
      "[143, 777, 111111]\n",
      "[143, 847, 121121]\n",
      "[143, 917, 131131]\n",
      "[143, 987, 141141]\n",
      "[144, 148, 21312]\n",
      "[144, 188, 27072]\n",
      "[144, 296, 42624]\n",
      "[144, 336, 48384]\n",
      "[144, 444, 63936]\n",
      "[144, 484, 69696]\n",
      "[144, 557, 80208]\n",
      "[145, 349, 50605]\n",
      "[145, 365, 52925]\n",
      "[145, 395, 57275]\n",
      "[145, 411, 59595]\n",
      "[146, 137, 20002]\n",
      "[146, 157, 22922]\n",
      "[146, 202, 29492]\n",
      "[146, 274, 40004]\n",
      "[146, 294, 42924]\n",
      "[146, 339, 49494]\n",
      "[146, 411, 60006]\n",
      "[146, 431, 62926]\n",
      "[146, 476, 69496]\n",
      "[146, 548, 80008]\n",
      "[146, 568, 82928]\n",
      "[146, 613, 89498]\n",
      "[147, 123, 18081]\n",
      "[147, 292, 42924]\n",
      "[147, 448, 65856]\n",
      "[147, 481, 70707]\n",
      "[147, 604, 88788]\n",
      "[147, 637, 93639]\n",
      "[148, 144, 21312]\n",
      "[148, 159, 23532]\n",
      "[148, 174, 25752]\n",
      "[148, 189, 27972]\n",
      "[148, 273, 40404]\n",
      "[148, 288, 42624]\n",
      "[148, 303, 44844]\n",
      "[148, 417, 61716]\n",
      "[148, 432, 63936]\n",
      "[148, 546, 80808]\n",
      "[149, 503, 74947]\n",
      "[149, 562, 83738]\n",
      "[149, 602, 89698]\n",
      "[149, 621, 92529]\n",
      "[149, 661, 98489]\n",
      "[151, 101, 15251]\n",
      "[151, 111, 16761]\n",
      "[151, 477, 72027]\n",
      "[151, 487, 73537]\n",
      "[151, 578, 87278]\n",
      "[151, 588, 88788]\n",
      "[152, 196, 29792]\n",
      "[152, 307, 46664]\n",
      "[152, 317, 48184]\n",
      "[152, 418, 63536]\n",
      "[152, 428, 65056]\n",
      "[152, 529, 80408]\n",
      "[153, 134, 20502]\n",
      "[153, 375, 57375]\n",
      "[153, 412, 63036]\n",
      "[153, 509, 77877]\n",
      "[153, 546, 83538]\n",
      "[154, 143, 22022]\n",
      "[154, 183, 28182]\n",
      "[154, 286, 44044]\n",
      "[154, 429, 66066]\n",
      "[154, 572, 88088]\n",
      "[155, 333, 51615]\n",
      "[155, 361, 55955]\n",
      "[155, 363, 56265]\n",
      "[156, 259, 40404]\n",
      "[156, 314, 48984]\n",
      "[156, 406, 63336]\n",
      "[156, 518, 80808]\n",
      "[156, 553, 86268]\n",
      "[157, 146, 22922]\n",
      "[157, 166, 26062]\n",
      "[157, 229, 35953]\n",
      "[157, 249, 39093]\n",
      "[157, 312, 48984]\n",
      "[157, 451, 70807]\n",
      "[157, 534, 83838]\n",
      "[157, 617, 96869]\n",
      "[157, 693, 108801]\n",
      "[157, 913, 143341]\n",
      "[158, 179, 28282]\n",
      "[158, 273, 43134]\n",
      "[158, 303, 47874]\n",
      "[158, 397, 62726]\n",
      "[158, 546, 86268]\n",
      "[159, 148, 23532]\n",
      "[159, 188, 29892]\n",
      "[159, 256, 40704]\n",
      "[159, 453, 72027]\n",
      "[159, 493, 78387]\n",
      "[159, 601, 95559]\n",
      "[161, 101, 16261]\n",
      "[161, 111, 17871]\n",
      "[161, 325, 52325]\n",
      "[161, 335, 53935]\n",
      "[161, 426, 68586]\n",
      "[163, 184, 29992]\n",
      "[163, 365, 59495]\n",
      "[163, 422, 68786]\n",
      "[163, 603, 98289]\n",
      "[163, 627, 102201]\n",
      "[164, 133, 21812]\n",
      "[164, 178, 29192]\n",
      "[164, 271, 44444]\n",
      "[164, 409, 67076]\n",
      "[164, 502, 82328]\n",
      "[164, 542, 88888]\n",
      "[165, 311, 51315]\n",
      "[165, 333, 54945]\n",
      "[165, 341, 56265]\n",
      "[165, 363, 59895]\n",
      "[166, 132, 21912]\n",
      "[166, 157, 26062]\n",
      "[166, 244, 40504]\n",
      "[166, 289, 47974]\n",
      "[166, 401, 66566]\n",
      "[166, 513, 85158]\n",
      "[167, 176, 29392]\n",
      "[167, 199, 33233]\n",
      "[167, 398, 66466]\n",
      "[167, 421, 70307]\n",
      "[167, 597, 99699]\n",
      "[168, 288, 48384]\n",
      "[168, 377, 63336]\n",
      "[168, 392, 65856]\n",
      "[168, 481, 80808]\n",
      "[169, 315, 53235]\n",
      "[169, 355, 59995]\n",
      "[169, 364, 61516]\n",
      "[169, 581, 98189]\n",
      "[171, 101, 17271]\n",
      "[171, 111, 18981]\n",
      "[171, 254, 43434]\n",
      "[171, 498, 85158]\n",
      "[171, 508, 86868]\n",
      "[173, 181, 31313]\n",
      "[173, 268, 46364]\n",
      "[173, 362, 62626]\n",
      "[173, 449, 77677]\n",
      "[173, 543, 93939]\n",
      "[173, 957, 165561]\n",
      "[174, 148, 25752]\n",
      "[174, 256, 44544]\n",
      "[174, 364, 63336]\n",
      "[174, 472, 82128]\n",
      "[175, 299, 52325]\n",
      "[175, 329, 57575]\n",
      "[176, 132, 23232]\n",
      "[176, 167, 29392]\n",
      "[176, 229, 40304]\n",
      "[176, 264, 46464]\n",
      "[176, 361, 63536]\n",
      "[176, 396, 69696]\n",
      "[176, 458, 80608]\n",
      "[176, 493, 86768]\n",
      "[177, 315, 55755]\n",
      "[177, 335, 59295]\n",
      "[177, 464, 82128]\n",
      "[177, 557, 98589]\n",
      "[178, 139, 24742]\n",
      "[178, 164, 29192]\n",
      "[178, 248, 44144]\n",
      "[178, 387, 68886]\n",
      "[178, 471, 83838]\n",
      "[178, 496, 88288]\n",
      "[179, 158, 28282]\n",
      "[179, 285, 51015]\n",
      "[179, 364, 65156]\n",
      "[179, 443, 79297]\n",
      "[179, 452, 80908]\n",
      "[179, 869, 155551]\n",
      "[181, 101, 18281]\n",
      "[181, 173, 31313]\n",
      "[181, 274, 49594]\n",
      "[181, 346, 62626]\n",
      "[181, 437, 79097]\n",
      "[181, 509, 92129]\n",
      "[181, 519, 93939]\n",
      "[182, 111, 20202]\n",
      "[182, 116, 21112]\n",
      "[182, 121, 22022]\n",
      "[182, 222, 40404]\n",
      "[182, 227, 41314]\n",
      "[182, 232, 42224]\n",
      "[182, 237, 43134]\n",
      "[182, 242, 44044]\n",
      "[182, 333, 60606]\n",
      "[182, 338, 61516]\n",
      "[182, 343, 62426]\n",
      "[182, 348, 63336]\n",
      "[182, 353, 64246]\n",
      "[182, 358, 65156]\n",
      "[182, 363, 66066]\n",
      "[182, 444, 80808]\n",
      "[182, 449, 81718]\n",
      "[182, 454, 82628]\n",
      "[182, 459, 83538]\n",
      "[182, 464, 84448]\n",
      "[182, 469, 85358]\n",
      "[182, 474, 86268]\n",
      "[182, 479, 87178]\n",
      "[182, 484, 88088]\n",
      "[183, 154, 28182]\n",
      "[183, 409, 74847]\n",
      "[183, 446, 81618]\n",
      "[184, 118, 21712]\n",
      "[184, 163, 29992]\n",
      "[184, 241, 44344]\n",
      "[184, 437, 80408]\n",
      "[184, 482, 88688]\n",
      "[185, 273, 50505]\n",
      "[185, 279, 51615]\n",
      "[185, 285, 52725]\n",
      "[185, 291, 53835]\n",
      "[185, 297, 54945]\n",
      "[186, 473, 87978]\n",
      "[187, 222, 41514]\n",
      "[187, 242, 45254]\n",
      "[187, 464, 86768]\n",
      "[187, 683, 127721]\n",
      "[187, 713, 133331]\n",
      "[187, 903, 168861]\n",
      "[187, 933, 174471]\n",
      "[187, 963, 180081]\n",
      "[188, 144, 27072]\n",
      "[188, 159, 29892]\n",
      "[188, 238, 44744]\n",
      "[188, 461, 86668]\n",
      "[189, 148, 27972]\n",
      "[189, 256, 48384]\n",
      "[189, 295, 55755]\n",
      "[189, 403, 76167]\n",
      "[189, 442, 83538]\n",
      "[189, 481, 90909]\n",
      "[191, 101, 19291]\n",
      "[191, 193, 36863]\n",
      "[191, 275, 52525]\n",
      "[191, 458, 87478]\n",
      "[192, 111, 21312]\n",
      "[192, 121, 23232]\n",
      "[192, 131, 25152]\n",
      "[192, 141, 27072]\n",
      "[192, 212, 40704]\n",
      "[192, 222, 42624]\n",
      "[192, 232, 44544]\n",
      "[192, 242, 46464]\n",
      "[192, 252, 48384]\n",
      "[192, 333, 63936]\n",
      "[192, 343, 65856]\n",
      "[192, 353, 67776]\n",
      "[192, 363, 69696]\n",
      "[193, 124, 23932]\n",
      "[193, 191, 36863]\n",
      "[193, 258, 49794]\n",
      "[193, 369, 71217]\n",
      "[193, 436, 84148]\n",
      "[193, 503, 97079]\n",
      "[193, 737, 142241]\n",
      "[195, 259, 50505]\n",
      "[195, 273, 53235]\n",
      "[196, 152, 29792]\n",
      "[196, 219, 42924]\n",
      "[196, 336, 65856]\n",
      "[196, 453, 88788]\n",
      "[197, 222, 43734]\n",
      "[197, 242, 47674]\n",
      "[197, 361, 71117]\n",
      "[197, 381, 75057]\n",
      "[198, 327, 64746]\n",
      "[198, 352, 69696]\n",
      "[198, 426, 84348]\n",
      "[198, 451, 89298]\n",
      "[199, 167, 33233]\n",
      "[199, 236, 46964]\n",
      "[199, 334, 66466]\n",
      "[199, 501, 99699]\n",
      "[201, 102, 20502]\n",
      "[201, 295, 59295]\n",
      "[201, 397, 79797]\n",
      "[201, 489, 98289]\n",
      "[202, 101, 20402]\n",
      "[202, 106, 21412]\n",
      "[202, 111, 22422]\n",
      "[202, 116, 23432]\n",
      "[202, 121, 24442]\n",
      "[202, 126, 25452]\n",
      "[202, 131, 26462]\n",
      "[202, 136, 27472]\n",
      "[202, 141, 28482]\n",
      "[202, 146, 29492]\n",
      "[202, 202, 40804]\n",
      "[202, 207, 41814]\n",
      "[202, 212, 42824]\n",
      "[202, 217, 43834]\n",
      "[202, 222, 44844]\n",
      "[202, 227, 45854]\n",
      "[202, 232, 46864]\n",
      "[202, 237, 47874]\n",
      "[202, 242, 48884]\n",
      "[202, 247, 49894]\n",
      "[203, 104, 21112]\n",
      "[203, 208, 42224]\n",
      "[203, 312, 63336]\n",
      "[203, 416, 84448]\n",
      "[204, 103, 21012]\n",
      "[204, 206, 42024]\n",
      "[204, 309, 63036]\n",
      "[204, 412, 84048]\n",
      "[205, 271, 55555]\n",
      "[206, 102, 21012]\n",
      "[206, 127, 26162]\n",
      "[206, 204, 42024]\n",
      "[206, 229, 47174]\n",
      "[206, 306, 63036]\n",
      "[206, 331, 68186]\n",
      "[206, 408, 84048]\n",
      "[206, 433, 89198]\n",
      "[207, 202, 41814]\n",
      "[207, 222, 45954]\n",
      "[207, 447, 92529]\n",
      "[207, 467, 96669]\n",
      "[208, 134, 27872]\n",
      "[208, 203, 42224]\n",
      "[208, 406, 84448]\n",
      "[209, 275, 57475]\n",
      "[209, 304, 63536]\n",
      "[209, 489, 102201]\n",
      "[209, 659, 137731]\n",
      "[209, 739, 154451]\n",
      "[209, 819, 171171]\n",
      "[209, 909, 189981]\n",
      "[209, 978, 204402]\n",
      "[211, 112, 23632]\n",
      "[211, 214, 45154]\n",
      "[211, 326, 68786]\n",
      "[211, 439, 92629]\n",
      "[212, 101, 21412]\n",
      "[212, 111, 23532]\n",
      "[212, 121, 25652]\n",
      "[212, 131, 27772]\n",
      "[212, 141, 29892]\n",
      "[212, 192, 40704]\n",
      "[212, 202, 42824]\n",
      "[212, 212, 44944]\n",
      "[213, 322, 68586]\n",
      "[213, 359, 76467]\n",
      "[213, 396, 84348]\n",
      "[213, 433, 92229]\n",
      "[214, 118, 25252]\n",
      "[214, 211, 45154]\n",
      "[214, 304, 65056]\n",
      "[215, 241, 51815]\n",
      "[215, 249, 53535]\n",
      "[215, 257, 55255]\n",
      "[216, 137, 29592]\n",
      "[216, 224, 48384]\n",
      "[216, 296, 63936]\n",
      "[216, 311, 67176]\n",
      "[216, 383, 82728]\n",
      "[217, 202, 43834]\n",
      "[217, 351, 76167]\n",
      "[218, 297, 64746]\n",
      "[218, 386, 84148]\n",
      "[218, 411, 89598]\n",
      "[219, 137, 30003]\n",
      "[219, 196, 42924]\n",
      "[219, 226, 49494]\n",
      "[219, 274, 60006]\n",
      "[219, 333, 72927]\n",
      "[219, 363, 79497]\n",
      "[219, 411, 90009]\n",
      "[221, 122, 26962]\n",
      "[221, 245, 54145]\n",
      "[221, 378, 83538]\n",
      "[222, 101, 22422]\n",
      "[222, 106, 23532]\n",
      "[222, 111, 24642]\n",
      "[222, 116, 25752]\n",
      "[222, 121, 26862]\n",
      "[222, 126, 27972]\n",
      "[222, 182, 40404]\n",
      "[222, 187, 41514]\n",
      "[222, 192, 42624]\n",
      "[222, 197, 43734]\n",
      "[222, 202, 44844]\n",
      "[222, 207, 45954]\n",
      "[222, 273, 60606]\n",
      "[222, 278, 61716]\n",
      "[222, 283, 62826]\n",
      "[222, 288, 63936]\n",
      "[222, 364, 80808]\n",
      "[222, 369, 81918]\n",
      "[222, 946, 210012]\n",
      "[223, 255, 56865]\n",
      "[223, 265, 59095]\n",
      "[223, 366, 81618]\n",
      "[223, 443, 98789]\n",
      "[223, 847, 188881]\n",
      "[224, 133, 29792]\n",
      "[224, 216, 48384]\n",
      "[224, 294, 65856]\n",
      "[224, 377, 84448]\n",
      "[225, 233, 52425]\n",
      "[225, 255, 57375]\n",
      "[226, 122, 27572]\n",
      "[226, 219, 49494]\n",
      "[226, 358, 80908]\n",
      "[227, 182, 41314]\n",
      "[227, 202, 45854]\n",
      "[227, 364, 82628]\n",
      "[227, 437, 99199]\n",
      "[227, 803, 182281]\n",
      "[228, 307, 69996]\n",
      "[228, 381, 86868]\n",
      "[229, 157, 35953]\n",
      "[229, 176, 40304]\n",
      "[229, 206, 47174]\n",
      "[229, 352, 80608]\n",
      "[229, 382, 87478]\n",
      "[231, 122, 28182]\n",
      "[231, 143, 33033]\n",
      "[231, 286, 66066]\n",
      "[231, 429, 99099]\n",
      "[231, 471, 108801]\n",
      "[231, 481, 111111]\n",
      "[231, 601, 138831]\n",
      "[231, 611, 141141]\n",
      "[231, 731, 168861]\n",
      "[231, 741, 171171]\n",
      "[231, 861, 198891]\n",
      "[231, 952, 219912]\n",
      "[231, 962, 222222]\n",
      "[232, 101, 23432]\n",
      "[232, 111, 25752]\n",
      "[232, 182, 42224]\n",
      "[232, 192, 44544]\n",
      "[232, 202, 46864]\n",
      "[232, 263, 61016]\n",
      "[232, 273, 63336]\n",
      "[232, 283, 65656]\n",
      "[232, 293, 67976]\n",
      "[232, 354, 82128]\n",
      "[232, 364, 84448]\n",
      "[232, 374, 86768]\n",
      "[233, 114, 26562]\n",
      "[233, 225, 52425]\n",
      "[233, 339, 78987]\n",
      "[234, 123, 28782]\n",
      "[234, 259, 60606]\n",
      "[234, 357, 83538]\n",
      "[235, 239, 56165]\n",
      "[235, 245, 57575]\n",
      "[235, 251, 58985]\n",
      "[236, 107, 25252]\n",
      "[236, 199, 46964]\n",
      "[236, 348, 82128]\n",
      "[237, 182, 43134]\n",
      "[237, 202, 47874]\n",
      "[237, 364, 86268]\n",
      "[237, 387, 91719]\n",
      "[238, 188, 44744]\n",
      "[238, 292, 69496]\n",
      "[238, 351, 83538]\n",
      "[238, 924, 219912]\n",
      "[239, 235, 56165]\n",
      "[239, 254, 60706]\n",
      "[239, 284, 67876]\n",
      "[239, 539, 128821]\n",
      "[241, 184, 44344]\n",
      "[241, 215, 51815]\n",
      "[241, 368, 88688]\n",
      "[242, 101, 24442]\n",
      "[242, 106, 25652]\n",
      "[242, 111, 26862]\n",
      "[242, 182, 44044]\n",
      "[242, 187, 45254]\n",
      "[242, 192, 46464]\n",
      "[242, 197, 47674]\n",
      "[242, 202, 48884]\n",
      "[242, 273, 66066]\n",
      "[242, 278, 67276]\n",
      "[242, 283, 68486]\n",
      "[242, 288, 69696]\n",
      "[242, 364, 88088]\n",
      "[242, 369, 89298]\n",
      "[242, 831, 201102]\n",
      "[242, 886, 214412]\n",
      "[242, 941, 227722]\n",
      "[244, 113, 27572]\n",
      "[244, 166, 40504]\n",
      "[244, 284, 69296]\n",
      "[244, 337, 82228]\n",
      "[245, 221, 54145]\n",
      "[245, 235, 57575]\n",
      "[246, 117, 28782]\n",
      "[246, 271, 66666]\n",
      "[246, 333, 81918]\n",
      "[246, 363, 89298]\n",
      "[247, 202, 49894]\n",
      "[247, 301, 74347]\n",
      "[247, 693, 171171]\n",
      "[248, 178, 44144]\n",
      "[248, 257, 63736]\n",
      "[248, 356, 88288]\n",
      "[248, 869, 215512]\n",
      "[249, 157, 39093]\n",
      "[249, 215, 53535]\n",
      "[249, 342, 85158]\n",
      "[251, 235, 58985]\n",
      "[251, 266, 66766]\n",
      "[251, 297, 74547]\n",
      "[251, 328, 82328]\n",
      "[251, 359, 90109]\n",
      "[252, 101, 25452]\n",
      "[252, 111, 27972]\n",
      "[252, 192, 48384]\n",
      "[253, 417, 105501]\n",
      "[253, 527, 133331]\n",
      "[253, 637, 161161]\n",
      "[253, 707, 178871]\n",
      "[253, 874, 221122]\n",
      "[253, 944, 238832]\n",
      "[254, 103, 26162]\n",
      "[254, 171, 43434]\n",
      "[254, 239, 60706]\n",
      "[254, 274, 69596]\n",
      "[254, 342, 86868]\n"
     ]
    },
    {
     "name": "stdout",
     "output_type": "stream",
     "text": [
      "[255, 223, 56865]\n",
      "[255, 225, 57375]\n",
      "[256, 159, 40704]\n",
      "[256, 174, 44544]\n",
      "[256, 189, 48384]\n",
      "[257, 215, 55255]\n",
      "[257, 248, 63736]\n",
      "[258, 193, 49794]\n",
      "[258, 267, 68886]\n",
      "[258, 341, 87978]\n",
      "[258, 814, 210012]\n",
      "[259, 108, 27972]\n",
      "[259, 117, 30303]\n",
      "[259, 156, 40404]\n",
      "[259, 195, 50505]\n",
      "[259, 234, 60606]\n",
      "[259, 273, 70707]\n",
      "[259, 312, 80808]\n",
      "[259, 351, 90909]\n",
      "[259, 429, 111111]\n",
      "[259, 858, 222222]\n",
      "[261, 451, 117711]\n",
      "[262, 101, 26462]\n",
      "[262, 106, 27772]\n",
      "[263, 232, 61016]\n",
      "[263, 343, 90209]\n",
      "[264, 176, 46464]\n",
      "[264, 264, 69696]\n",
      "[264, 808, 213312]\n",
      "[264, 833, 219912]\n",
      "[264, 888, 234432]\n",
      "[264, 968, 255552]\n",
      "[265, 223, 59095]\n",
      "[266, 112, 29792]\n",
      "[266, 251, 66766]\n",
      "[266, 902, 239932]\n",
      "[267, 129, 34443]\n",
      "[267, 258, 68886]\n",
      "[267, 314, 83838]\n",
      "[268, 104, 27872]\n",
      "[268, 173, 46364]\n",
      "[269, 273, 73437]\n",
      "[269, 371, 99799]\n",
      "[271, 123, 33333]\n",
      "[271, 164, 44444]\n",
      "[271, 205, 55555]\n",
      "[271, 246, 66666]\n",
      "[271, 287, 77777]\n",
      "[271, 328, 88888]\n",
      "[271, 369, 99999]\n",
      "[271, 451, 122221]\n",
      "[271, 902, 244442]\n",
      "[272, 101, 27472]\n",
      "[272, 309, 84048]\n",
      "[272, 319, 86768]\n",
      "[273, 111, 30303]\n",
      "[273, 121, 33033]\n",
      "[273, 148, 40404]\n",
      "[273, 158, 43134]\n",
      "[273, 185, 50505]\n",
      "[273, 195, 53235]\n",
      "[273, 222, 60606]\n",
      "[273, 232, 63336]\n",
      "[273, 242, 66066]\n",
      "[273, 259, 70707]\n",
      "[273, 269, 73437]\n",
      "[273, 279, 76167]\n",
      "[273, 296, 80808]\n",
      "[273, 306, 83538]\n",
      "[273, 316, 86268]\n",
      "[273, 333, 90909]\n",
      "[273, 343, 93639]\n",
      "[273, 353, 96369]\n",
      "[273, 363, 99099]\n",
      "[273, 407, 111111]\n",
      "[273, 517, 141141]\n",
      "[273, 627, 171171]\n",
      "[273, 814, 222222]\n",
      "[273, 924, 252252]\n",
      "[274, 108, 29592]\n",
      "[274, 146, 40004]\n",
      "[274, 181, 49594]\n",
      "[274, 219, 60006]\n",
      "[274, 254, 69596]\n",
      "[274, 292, 80008]\n",
      "[274, 327, 89598]\n",
      "[274, 803, 220022]\n",
      "[275, 191, 52525]\n",
      "[275, 209, 57475]\n",
      "[277, 357, 98889]\n",
      "[277, 726, 201102]\n",
      "[278, 222, 61716]\n",
      "[278, 242, 67276]\n",
      "[279, 185, 51615]\n",
      "[279, 273, 76167]\n",
      "[279, 968, 270072]\n",
      "[281, 133, 37373]\n",
      "[281, 298, 83738]\n",
      "[281, 339, 95259]\n",
      "[282, 101, 28482]\n",
      "[282, 106, 29892]\n",
      "[283, 111, 31413]\n",
      "[283, 121, 34243]\n",
      "[283, 131, 37073]\n",
      "[283, 222, 62826]\n",
      "[283, 232, 65656]\n",
      "[283, 242, 68486]\n",
      "[283, 353, 99899]\n",
      "[284, 239, 67876]\n",
      "[284, 244, 69296]\n",
      "[284, 292, 82928]\n",
      "[284, 297, 84348]\n",
      "[285, 179, 51015]\n",
      "[285, 185, 52725]\n",
      "[286, 154, 44044]\n",
      "[286, 231, 66066]\n",
      "[286, 308, 88088]\n",
      "[286, 707, 202202]\n",
      "[286, 742, 212212]\n",
      "[286, 777, 222222]\n",
      "[286, 812, 232232]\n",
      "[286, 847, 242242]\n",
      "[286, 882, 252252]\n",
      "[286, 917, 262262]\n",
      "[286, 952, 272272]\n",
      "[286, 987, 282282]\n",
      "[287, 139, 39893]\n",
      "[287, 271, 77777]\n",
      "[287, 693, 198891]\n",
      "[287, 836, 239932]\n",
      "[288, 148, 42624]\n",
      "[288, 168, 48384]\n",
      "[288, 222, 63936]\n",
      "[288, 242, 69696]\n",
      "[288, 814, 234432]\n",
      "[289, 137, 39593]\n",
      "[289, 166, 47974]\n",
      "[289, 302, 87278]\n",
      "[289, 331, 95659]\n",
      "[291, 185, 53835]\n",
      "[291, 319, 92829]\n",
      "[292, 101, 29492]\n",
      "[292, 137, 40004]\n",
      "[292, 147, 42924]\n",
      "[292, 238, 69496]\n",
      "[292, 274, 80008]\n",
      "[292, 284, 82928]\n",
      "[293, 111, 32523]\n",
      "[293, 121, 35453]\n",
      "[293, 131, 38383]\n",
      "[293, 232, 67976]\n",
      "[294, 146, 42924]\n",
      "[294, 224, 65856]\n",
      "[294, 302, 88788]\n",
      "[294, 748, 219912]\n",
      "[294, 858, 252252]\n",
      "[295, 189, 55755]\n",
      "[295, 201, 59295]\n",
      "[296, 144, 42624]\n",
      "[296, 216, 63936]\n",
      "[296, 273, 80808]\n",
      "[296, 792, 234432]\n",
      "[297, 185, 54945]\n",
      "[297, 218, 64746]\n",
      "[297, 251, 74547]\n",
      "[297, 284, 84348]\n",
      "[297, 317, 94149]\n",
      "[298, 281, 83738]\n",
      "[298, 301, 89698]\n",
      "[299, 127, 37973]\n",
      "[299, 175, 52325]\n",
      "[299, 539, 161161]\n",
      "[301, 247, 74347]\n",
      "[301, 298, 89698]\n",
      "[301, 561, 168861]\n",
      "[302, 289, 87278]\n",
      "[302, 294, 88788]\n",
      "[303, 101, 30603]\n",
      "[303, 111, 33633]\n",
      "[303, 121, 36663]\n",
      "[303, 131, 39693]\n",
      "[303, 138, 41814]\n",
      "[303, 148, 44844]\n",
      "[303, 158, 47874]\n",
      "[303, 407, 123321]\n",
      "[303, 517, 156651]\n",
      "[303, 627, 189981]\n",
      "[303, 704, 213312]\n",
      "[303, 814, 246642]\n",
      "[303, 924, 279972]\n",
      "[304, 209, 63536]\n",
      "[304, 214, 65056]\n",
      "[306, 206, 63036]\n",
      "[306, 273, 83538]\n",
      "[306, 737, 225522]\n",
      "[307, 152, 46664]\n",
      "[307, 228, 69996]\n",
      "[307, 307, 94249]\n",
      "[307, 836, 256652]\n",
      "[308, 143, 44044]\n",
      "[308, 286, 88088]\n",
      "[308, 689, 212212]\n",
      "[308, 714, 219912]\n",
      "[308, 754, 232232]\n",
      "[308, 779, 239932]\n",
      "[308, 819, 252252]\n",
      "[308, 844, 259952]\n",
      "[308, 884, 272272]\n",
      "[308, 909, 279972]\n",
      "[308, 949, 292292]\n",
      "[308, 974, 299992]\n",
      "[309, 136, 42024]\n",
      "[309, 204, 63036]\n",
      "[309, 272, 84048]\n",
      "[309, 748, 231132]\n",
      "[311, 165, 51315]\n",
      "[311, 216, 67176]\n",
      "[311, 561, 174471]\n",
      "[312, 157, 48984]\n",
      "[312, 203, 63336]\n",
      "[312, 259, 80808]\n",
      "[313, 101, 31613]\n",
      "[313, 111, 34743]\n",
      "[313, 121, 37873]\n",
      "[314, 156, 48984]\n",
      "[314, 267, 83838]\n",
      "[314, 913, 286682]\n",
      "[315, 169, 53235]\n",
      "[315, 177, 55755]\n",
      "[316, 273, 86268]\n",
      "[316, 682, 215512]\n",
      "[317, 152, 48184]\n",
      "[317, 297, 94149]\n",
      "[317, 473, 149941]\n",
      "[318, 128, 40704]\n",
      "[318, 814, 258852]\n",
      "[319, 272, 86768]\n",
      "[319, 291, 92829]\n",
      "[319, 369, 117711]\n",
      "[319, 439, 140041]\n",
      "[319, 519, 165561]\n",
      "[319, 658, 209902]\n",
      "[319, 728, 232232]\n",
      "[319, 808, 257752]\n",
      "[319, 878, 280082]\n",
      "[321, 561, 180081]\n",
      "[322, 213, 68586]\n",
      "[323, 101, 32623]\n",
      "[323, 111, 35853]\n",
      "[325, 161, 52325]\n",
      "[326, 211, 68786]\n",
      "[326, 627, 204402]\n",
      "[327, 198, 64746]\n",
      "[327, 274, 89598]\n",
      "[327, 836, 273372]\n",
      "[328, 251, 82328]\n",
      "[328, 271, 88888]\n",
      "[329, 136, 44744]\n",
      "[329, 175, 57575]\n",
      "[329, 429, 141141]\n",
      "[329, 638, 209902]\n",
      "[329, 858, 282282]\n",
      "[331, 206, 68186]\n",
      "[331, 289, 95659]\n",
      "[331, 913, 302203]\n",
      "[332, 122, 40504]\n",
      "[333, 101, 33633]\n",
      "[333, 111, 36963]\n",
      "[333, 128, 42624]\n",
      "[333, 138, 45954]\n",
      "[333, 155, 51615]\n",
      "[333, 165, 54945]\n",
      "[333, 182, 60606]\n",
      "[333, 192, 63936]\n",
      "[333, 219, 72927]\n",
      "[333, 246, 81918]\n",
      "[333, 273, 90909]\n",
      "[333, 407, 135531]\n",
      "[333, 704, 234432]\n",
      "[334, 199, 66466]\n",
      "[335, 161, 53935]\n",
      "[335, 177, 59295]\n",
      "[336, 144, 48384]\n",
      "[336, 196, 65856]\n",
      "[337, 122, 41114]\n",
      "[337, 244, 82228]\n",
      "[337, 979, 329923]\n",
      "[338, 182, 61516]\n",
      "[339, 146, 49494]\n",
      "[339, 233, 78987]\n",
      "[339, 281, 95259]\n",
      "[339, 957, 324423]\n",
      "[341, 165, 56265]\n",
      "[341, 258, 87978]\n",
      "[341, 381, 129921]\n",
      "[341, 391, 133331]\n",
      "[341, 541, 184481]\n",
      "[341, 632, 215512]\n",
      "[341, 782, 266662]\n",
      "[341, 792, 270072]\n",
      "[341, 883, 301103]\n",
      "[342, 127, 43434]\n",
      "[342, 249, 85158]\n",
      "[342, 254, 86868]\n",
      "[343, 101, 34643]\n",
      "[343, 182, 62426]\n",
      "[343, 192, 65856]\n",
      "[343, 263, 90209]\n",
      "[343, 273, 93639]\n",
      "[346, 134, 46364]\n",
      "[346, 181, 62626]\n",
      "[347, 836, 290092]\n",
      "[348, 128, 44544]\n",
      "[348, 182, 63336]\n",
      "[348, 236, 82128]\n",
      "[349, 145, 50605]\n",
      "[351, 217, 76167]\n",
      "[351, 238, 83538]\n",
      "[351, 259, 90909]\n",
      "[352, 132, 46464]\n",
      "[352, 198, 69696]\n",
      "[352, 229, 80608]\n",
      "[352, 606, 213312]\n",
      "[352, 666, 234432]\n",
      "[352, 726, 255552]\n",
      "[352, 786, 276672]\n",
      "[352, 846, 297792]\n",
      "[353, 101, 35653]\n",
      "[353, 182, 64246]\n",
      "[353, 192, 67776]\n",
      "[353, 273, 96369]\n",
      "[353, 283, 99899]\n",
      "[354, 232, 82128]\n",
      "[355, 169, 59995]\n",
      "[356, 124, 44144]\n",
      "[356, 248, 88288]\n",
      "[357, 234, 83538]\n",
      "[357, 277, 98889]\n",
      "[357, 473, 168861]\n",
      "[357, 616, 219912]\n",
      "[358, 182, 65156]\n",
      "[358, 226, 80908]\n",
      "[359, 213, 76467]\n",
      "[359, 251, 90109]\n",
      "[361, 155, 55955]\n",
      "[361, 176, 63536]\n",
      "[361, 197, 71117]\n",
      "[362, 137, 49594]\n",
      "[362, 173, 62626]\n",
      "[363, 101, 36663]\n",
      "[363, 128, 46464]\n",
      "[363, 155, 56265]\n",
      "[363, 165, 59895]\n",
      "[363, 182, 66066]\n",
      "[363, 192, 69696]\n",
      "[363, 219, 79497]\n",
      "[363, 246, 89298]\n",
      "[363, 273, 99099]\n",
      "[363, 407, 147741]\n",
      "[363, 447, 162261]\n",
      "[363, 554, 201102]\n",
      "[363, 704, 255552]\n",
      "[363, 744, 270072]\n",
      "[363, 961, 348843]\n",
      "[364, 111, 40404]\n",
      "[364, 116, 42224]\n",
      "[364, 121, 44044]\n",
      "[364, 169, 61516]\n",
      "[364, 174, 63336]\n",
      "[364, 179, 65156]\n",
      "[364, 222, 80808]\n",
      "[364, 227, 82628]\n",
      "[364, 232, 84448]\n",
      "[364, 237, 86268]\n",
      "[364, 242, 88088]\n",
      "[364, 583, 212212]\n",
      "[364, 638, 232232]\n",
      "[364, 693, 252252]\n",
      "[364, 748, 272272]\n",
      "[364, 803, 292292]\n",
      "[365, 137, 50005]\n",
      "[365, 145, 52925]\n",
      "[365, 163, 59495]\n",
      "[366, 223, 81618]\n",
      "[368, 241, 88688]\n",
      "[368, 649, 238832]\n",
      "[369, 193, 71217]\n",
      "[369, 222, 81918]\n",
      "[369, 242, 89298]\n",
      "[369, 271, 99999]\n",
      "[369, 319, 117711]\n",
      "[369, 539, 198891]\n",
      "[371, 269, 99799]\n",
      "[371, 572, 212212]\n",
      "[372, 726, 270072]\n",
      "[373, 101, 37673]\n",
      "[374, 111, 41514]\n",
      "[374, 121, 45254]\n",
      "[374, 232, 86768]\n",
      "[374, 588, 219912]\n",
      "[374, 603, 225522]\n",
      "[374, 618, 231132]\n",
      "[374, 713, 266662]\n",
      "[374, 728, 272272]\n",
      "[375, 139, 52125]\n",
      "[375, 153, 57375]\n",
      "[376, 119, 44744]\n",
      "[376, 792, 297792]\n",
      "[377, 112, 42224]\n",
      "[377, 168, 63336]\n",
      "[377, 224, 84448]\n",
      "[377, 616, 232232]\n",
      "[378, 128, 48384]\n",
      "[378, 221, 83538]\n",
      "[381, 114, 43434]\n",
      "[381, 197, 75057]\n",
      "[381, 228, 86868]\n",
      "[381, 341, 129921]\n",
